$ANSIBLE_VAULT;1.1;AES256
35306437636237363031393330366639663263616565643664393235396139306438633634356563
3037383132336463636134653838336636386435656461650a393865643831663736333838396336
36346363393362396665393337646164383535653335386561356263336133363464313166313532
3330343532613763610a663332656163626435373139636466613933646637336365386230363236
35313937313836323431303535633033373930353336656366623433653436376663666537303163
63376162323164373732316531663530326239373436636633633033643861356536323136376239
31383065626564386339373731636630613662663233306436353634313537333362393863306662
66393766666130613938643635326166363064333235303861653263343730316532316161616562
62366434636662386636666431363931633063363438343863333037626432373435666635326333
36386162636333616366653466653636653362353431636536656263373731613162393537393064
64303466386661306238333839326561353734616239653066306461336663326439633431396137
33356665653032666432656131373934643130356136396564333036323838303366636165366635
32653762366166646265396433313263333637333438656666613938383766306437396263376262
37366338363731653961326165306633656463323766346338376566336530663233616534366262
62666536353563613564636332326230623066636165646339343263383130366335363032363132
34336133333866653135656631623036643338643863663136373862353331643064383132336439
30343838623862363661636635313961366332353136303563386337643036323264626164346565
64613831333733373335616538653566636361633665346330613365383166633732386631333839
65383133323338353864363339663031346665666431626439363764633135623736376462616661
36636564383330346332363139623266613163613433616131356531623761613630333137363239
62613739656632313839663736656635376666303434386232313938353963643433336436383864
61333432646533653463646136313638656136306637616165626461653562616361323234353362
61326233353665613239323166643965353034396263623035373230303531316564383632376433
36346164643166313561633834386265656265366162366231653431663365623034363764353131
66626565386337366236656531373630633731616332363030353734333830393136653233343866
65623036646531373131333639616634396466646634656563346139336631646636323365393333
39396437353339663333633364393737376564613263663431303434306539656535383030373662
38383464653734623432
